0.16
0.13
0.34
0.33
0.04
0.74
0.20
0.47
0.09
0.38
0.34
0.60
0.99
0.14
0.63
0.16
0.71
0.81
0.12
0.19
0.96
0.16
0.34
0.15
0.02
0.02
0.21
0.56
0.71
0.09
0.63
0.10
0.50
0.19
0.01
0.53
0.54
0.80
0.66
0.17
0.69
0.53
0.54
0.27
0.32
0.52
0.18
0.88
0.82
0.31
0.21
0.88
0.74
0.18
0.43
0.42
0.54
0.56
0.76
0.62
0.63
0.44
0.08
0.77
0.89
0.41
0.26
0.79
0.38
0.31
0.38
0.33
0.23
0.01
0.39
0.15
0.58
0.41
0.39
0.20
0.48
0.10
0.63
0.05
0.69
0.84
0.34
0.09
0.29
0.21
0.74
0.13
0.88
0.69
0.11
0.86
0.52
0.46
0.33
0.71
