0.16
0.36
0.70
0.28
0.02
0.02
0.01
0.77
0.66
0.82
0.25
0.63
0.83
0.73
0.49
0.21
0.26
0.49
0.18
0.83
0.57
0.14
0.04
0.22
0.48
0.43
0.56
0.12
0.50
0.91
0.37
0.35
0.58
0.11
0.29
0.77
0.73
0.74
0.31
0.41
0.21
0.35
0.34
0.49
0.25
0.29
0.88
0.31
0.81
0.40
0.60
0.85
0.56
0.35
0.91
0.12
0.45
0.05
0.37
0.90
0.95
0.00
0.33
0.20
0.50
1.00
0.40
0.83
0.30
0.08
0.12
0.47
0.73
0.23
0.67
0.81
0.69
0.57
0.79
0.82
0.19
0.59
0.74
0.99
0.42
0.28
0.59
0.59
0.61
0.47
0.66
0.54
0.87
0.54
0.25
0.25
0.51
0.57
0.64
0.86
0.80
0.12
0.43
0.18
0.83
0.87
0.22
0.94
0.37
0.15
0.72
0.52
0.31
0.64
0.16
0.78
0.79
0.27
0.32
0.22
0.40
0.64
0.87
0.01
0.59
0.88
0.34
0.18
0.82
0.42
0.54
0.55
0.42
0.47
0.67
0.53
0.76
0.74
0.86
0.50
0.66
0.15
0.55
0.98
0.72
0.12
0.34
0.05
0.46
0.21
0.71
0.41
0.90
0.52
0.32
0.57
0.54
0.90
0.18
0.45
0.32
0.13
0.53
0.86
0.56
0.28
0.66
0.28
0.46
0.32
0.37
0.40
0.11
0.22
0.58
0.54
0.63
0.67
0.67
0.89
0.38
0.49
0.79
0.31
0.87
0.12
0.24
0.78
0.34
0.01
0.78
0.28
0.54
0.36
0.95
0.01
0.72
0.21
0.63
0.01
0.49
0.15
0.43
0.82
0.40
0.55
0.54
0.34
0.90
0.93
0.43
0.68
0.64
0.06
1.00
0.89
0.71
0.49
0.78
0.46
0.77
0.16
0.55
0.71
0.68
0.76
0.04
0.55
0.59
0.48
0.21
0.06
0.09
0.76
0.65
0.22
0.38
0.84
0.52
0.28
0.06
0.59
0.82
0.10
0.51
0.39
0.17
0.86
0.48
0.68
0.99
0.73
0.73
0.84
0.31
0.53
0.58
0.05
0.95
0.27
0.01
0.81
0.46
0.53
0.14
0.74
0.52
0.37
0.04
0.34
0.05
0.06
0.28
0.36
0.94
0.08
0.42
0.48
0.55
0.75
0.89
0.79
0.81
0.96
0.33
0.04
0.28
0.31
0.76
0.94
0.73
0.26
0.97
0.48
0.82
0.34
0.20
0.70
0.45
0.29
0.55
0.82
0.05
0.14
0.40
0.00
0.80
0.85
0.92
0.86
0.79
0.84
0.33
0.96
0.12
0.83
0.78
0.32
0.09
0.44
0.38
0.21
0.34
0.88
0.63
0.27
0.15
0.16
0.47
0.30
0.75
0.29
0.23
0.59
0.86
0.78
0.90
0.28
0.32
0.92
0.74
0.59
0.95
0.20
0.82
0.35
0.66
0.29
0.48
0.74
0.77
0.04
0.25
0.64
0.65
0.78
0.28
0.53
0.71
0.46
0.79
0.21
0.64
0.97
0.54
0.49
0.22
0.01
0.94
0.02
0.31
0.08
0.78
0.28
0.50
0.69
0.05
0.14
0.12
0.59
0.99
0.90
0.77
0.05
0.85
0.07
0.44
0.90
0.41
0.11
0.16
0.49
0.69
0.14
0.25
0.19
0.11
0.89
0.27
0.66
0.32
0.04
0.50
0.39
0.08
0.03
0.31
0.95
0.35
0.57
0.07
0.22
1.00
0.93
0.94
0.16
0.31
0.35
0.38
0.43
0.61
0.40
0.58
0.27
0.34
0.82
0.61
0.12
0.72
0.67
0.55
0.30
0.50
0.24
0.53
0.21
0.82
0.53
0.66
0.39
0.73
0.89
0.00
0.99
0.38
0.52
0.52
0.87
0.42
0.37
0.06
0.88
0.67
0.33
0.46
0.61
0.56
0.03
0.65
0.20
0.31
0.29
0.04
0.33
0.59
0.50
0.93
0.17
0.37
0.94
0.23
0.21
0.85
0.38
0.30
0.98
0.15
0.84
0.19
0.45
0.62
0.05
0.98
0.01
0.53
0.35
0.67
0.10
0.83
0.57
0.22
0.13
0.99
0.69
0.08
0.91
0.36
0.76
0.15
0.17
0.24
0.00
0.10
0.40
0.00
0.36
0.27
0.54
0.48
0.63
0.99
0.95
0.01
0.33
0.53
0.88
0.26
0.44
0.52
0.10
0.30
0.27
0.06
0.92
0.99
0.37
0.46
0.97
0.25
1.00
0.54
0.43
0.09
0.95
0.78
0.70
0.17
0.19
0.10
0.32
0.70
0.14
0.42
0.19
0.35
0.20
0.01
0.83
0.12
0.13
0.70
0.78
0.75
1.00
0.85
0.85
0.74
0.35
0.35
0.23
0.33
0.20
0.36
0.41
0.74
0.58
0.17
0.67
0.97
0.23
0.91
0.23
0.30
0.18
0.35
0.79
0.05
0.67
0.65
0.46
0.49
0.46
0.32
0.07
0.65
0.65
0.13
0.48
0.79
0.20
0.32
0.21
0.35
0.39
0.77
0.86
0.17
0.19
0.58
0.63
0.68
0.91
0.72
0.48
0.92
0.05
0.06
0.14
0.18
0.80
0.54
0.68
0.96
0.02
0.88
0.67
0.09
0.15
0.39
0.65
0.86
1.00
0.38
0.17
0.70
0.64
0.85
0.84
0.53
0.64
0.72
0.69
0.23
0.66
0.45
0.55
0.36
0.61
0.24
0.43
0.46
0.64
0.73
0.68
0.21
0.90
0.31
0.08
0.85
0.46
0.98
0.50
0.84
0.36
0.90
0.20
0.44
0.04
0.56
0.65
0.09
0.31
0.72
0.72
0.23
0.96
0.92
0.21
0.57
0.25
1.00
0.60
0.27
0.31
0.14
0.89
0.13
0.75
0.94
0.59
0.34
0.57
0.20
0.41
0.76
0.44
0.70
0.13
0.28
0.71
0.81
0.90
0.31
0.09
0.09
0.40
0.92
0.32
0.87
0.49
0.68
0.88
0.83
0.39
0.66
0.95
0.60
0.08
0.73
0.75
0.49
0.24
0.64
0.50
0.23
0.09
0.80
0.92
0.99
0.60
0.57
0.80
0.36
0.46
0.78
0.42
0.78
0.17
0.20
0.27
0.94
0.74
0.93
0.94
0.65
0.32
0.31
0.72
0.86
0.26
0.21
0.61
0.10
0.88
0.47
0.30
0.17
0.50
0.31
0.00
0.36
0.01
0.36
0.49
0.93
0.52
0.28
0.29
0.13
0.27
0.63
0.37
0.68
0.56
0.77
0.42
0.78
0.69
0.57
0.83
0.57
0.74
0.90
0.54
0.31
0.12
0.24
0.05
0.01
0.88
0.80
0.44
0.85
0.56
0.30
0.01
0.10
0.50
0.72
0.18
0.88
0.70
0.43
0.24
0.54
0.83
0.76
0.83
0.93
0.59
0.46
0.51
0.27
0.09
0.29
0.34
0.07
0.38
0.99
0.86
0.67
0.78
0.92
0.51
0.89
0.21
0.73
0.60
0.39
0.13
0.16
0.13
0.18
0.26
0.48
0.48
0.89
0.73
0.65
0.20
0.24
0.87
0.63
0.02
0.44
0.19
0.03
0.28
0.74
0.82
0.41
0.90
0.95
0.99
0.49
0.01
0.29
0.72
0.66
0.54
0.22
0.43
0.84
0.71
0.60
0.52
0.30
0.78
0.98
0.72
0.32
0.10
0.24
0.19
0.41
0.65
0.44
0.19
0.93
0.20
0.08
0.43
0.86
0.32
0.58
0.62
0.47
0.28
0.31
0.63
0.71
0.14
0.90
0.67
0.15
0.00
0.09
0.84
0.08
0.82
0.98
0.52
0.84
0.64
0.87
0.95
0.76
0.74
0.55
0.51
0.96
0.46
0.26
0.93
0.37
0.34
0.17
0.03
0.00
0.19
0.58
0.24
0.20
0.74
0.66
0.44
0.62
0.65
0.04
0.35
0.66
0.33
0.99
0.15
0.39
0.46
0.49
0.38
0.32
0.63
0.94
0.87
0.23
0.96
0.85
0.86
0.59
0.21
0.27
0.89
0.36
0.14
0.16
0.66
0.09
0.71
0.63
0.57
0.95
0.79
0.21
0.97
0.55
0.05
0.98
0.91
0.35
0.71
0.84
0.45
0.37
0.72
0.69
0.25
0.02
0.11
0.84
0.53
0.86
0.18
0.31
0.13
0.99
0.06
0.51
0.77
0.99
0.45
0.86
0.20
0.99
0.13
0.79
0.39
0.88
0.78
0.84
0.37
0.24
0.10
0.08
0.94
0.86
0.42
0.81
0.93
0.77
0.88
0.60
0.02
